6 0.3875 0.728125 0.13203125 0.54296875
6 0.57734375 0.56953125 0.03125 0.14296875
6 0.5375 0.58359375 0.02421875 0.10390625
6 0.984375 0.55390625 0.03046875 0.16640625
9 0.8625 0.55390625 0.02578125 0.12421875
9 0.1609375 0.83984375 0.321875 0.3171875
9 0.48046875 0.62578125 0.096875 0.10078125
9 0.79296875 0.5578125 0.11640625 0.0421875
9 0.925 0.58984375 0.0921875 0.046875
8 0.61875 0.8578125 0.7578125 0.284375
8 0.72421875 0.6734375 0.5515625 0.09375
8 0.72109375 0.5953125 0.24921875 0.06875