2 0.42578125 0.53828125 0.3765625 0.3953125
10 0.63359375 0.5171875 0.04453125 0.14921875
6 0.021875 0.6484375 0.04296875 0.33203125
9 0.0265625 0.78359375 0.046875 0.08984375
9 0.1875 0.7234375 0.09296875 0.08515625
3 0.76875 0.5203125 0.05546875 0.08125
8 0.5 0.878125 1 0.24375
7 0.83203125 0.35859375 0.02265625 0.30859375
7 0.7859375 0.42890625 0.01171875 0.153125
7 0.76953125 0.4390625 0.0078125 0.0609375
0 0.9828125 0.496875 0.034375 0.06328125
0 0.71640625 0.5140625 0.02109375 0.04375
3 0.8671875 0.50625 0.0171875 0.03671875
8 0.61640625 0.64609375 0.76484375 0.2140625