6 0.09921875 0.64921875 0.1234375 0.37109375
6 0.31796875 0.621875 0.09921875 0.22890625
6 0.603125 0.50703125 0.03671875 0.0734375
6 0.0203125 0.5921875 0.040625 0.3078125
4 0.134375 0.86953125 0.26796875 0.2609375
4 0.3109375 0.7890625 0.1375 0.20625
0 0.3828125 0.63125 0.09296875 0.2890625
0 0.4640625 0.59296875 0.09375 0.2125
0 0.51875 0.57109375 0.05078125 0.1640625
0 0.5578125 0.55625 0.03515625 0.153125
4 0.6015625 0.5984375 0.02734375 0.0796875
8 0.634375 0.84765625 0.73125 0.3046875
8 0.72109375 0.61015625 0.5578125 0.1640625