3 0.1125 0.7625 0.225 0.2375
3 0.54609375 0.59140625 0.10703125 0.09765625
3 0.7640625 0.54140625 0.03984375 0.04921875
10 0.371875 0.6671875 0.290625 0.315625
10 0.64609375 0.54765625 0.05234375 0.08125
4 0.046875 0.86015625 0.08828125 0.2703125
8 0.546875 0.91328125 0.90546875 0.1734375
2 0.7015625 0.525 0.04375 0.053125
7 0.975 0.2765625 0.04921875 0.553125
5 0.3234375 0.77265625 0.05703125 0.03515625
5 0.6734375 0.6796875 0.02578125 0.02890625
5 0.8515625 0.63046875 0.02734375 0.0234375
8 0.70859375 0.7046875 0.5828125 0.24453125