6 0.1640625 0.7078125 0.12890625 0.584375
6 0.5921875 0.53359375 0.03046875 0.15390625
6 0.6265625 0.51171875 0.01640625 0.084375
8 0.56953125 0.91640625 0.8609375 0.16640625
8 0.63359375 0.7125 0.7328125 0.23125
0 0.80390625 0.51640625 0.06015625 0.12265625
9 0.08125 0.86015625 0.11875 0.27421875
9 0.94453125 0.56015625 0.1109375 0.08828125
6 0.87578125 0.51484375 0.02421875 0.13671875
3 0.7203125 0.48515625 0.0359375 0.04921875
9 0.29375 0.73828125 0.1265625 0.1953125
9 0.425 0.63984375 0.071875 0.11171875
8 0.7546875 0.5546875 0.37890625 0.0828125