0 0.41875 0.62890625 0.14453125 0.23359375
6 0.02421875 0.646875 0.0484375 0.2421875
7 0.125 0.615625 0.06796875 0.19375
7 0.2015625 0.615625 0.05078125 0.15625
4 0.203125 0.7328125 0.09765625 0.1546875
4 0.04140625 0.896875 0.0828125 0.20546875
6 0.3046875 0.59453125 0.04140625 0.1734375
9 0.0609375 0.77421875 0.121875 0.1265625
9 0.29296875 0.6875 0.07578125 0.0828125
9 0.5265625 0.5796875 0.0734375 0.06171875
8 0.57578125 0.75859375 0.8484375 0.0953125
8 0.7453125 0.62578125 0.509375 0.1625
8 0.5 0.89921875 1 0.2015625