2 0.0203125 0.64140625 0.040625 0.7171875
2 0.653125 0.5375 0.134375 0.171875
8 0.52109375 0.84375 0.9578125 0.3125
3 0.52421875 0.6046875 0.11328125 0.134375
3 0.81328125 0.54296875 0.04765625 0.071875
9 0.40546875 0.65 0.13046875 0.05859375
9 0.29375 0.65703125 0.09296875 0.08515625
6 0.44921875 0.5625 0.03828125 0.11484375
7 0.9578125 0.2828125 0.034375 0.565625
7 0.8546875 0.434375 0.01875 0.2234375
7 0.83125 0.46640625 0.01015625 0.103125
3 0.8140625 0.54609375 0.0484375 0.07734375
8 0.7671875 0.62734375 0.3875 0.121875