0 0.253125 0.69140625 0.209375 0.3359375
3 0.5328125 0.58125 0.06484375 0.084375
3 0.7484375 0.5484375 0.0640625 0.0921875
6 0.384375 0.5875 0.03046875 0.11875
6 0.43203125 0.5734375 0.025 0.1046875
6 0.4640625 0.575 0.02109375 0.1015625
6 0.62890625 0.54375 0.02265625 0.0484375
6 0.678125 0.53515625 0.0203125 0.0515625
4 0.6296875 0.584375 0.01640625 0.0390625
4 0.68046875 0.578125 0.01953125 0.0375
3 0.93671875 0.528125 0.03359375 0.0453125
7 0.82890625 0.340625 0.0296875 0.26796875
7 0.77578125 0.43984375 0.009375 0.10859375
8 0.5 0.9015625 1 0.196875
8 0.67890625 0.6890625 0.64140625 0.23203125
9 0.0140625 0.79453125 0.02734375 0.08515625
9 0.109375 0.75703125 0.08984375 0.0578125
9 0.38828125 0.65078125 0.05625 0.05078125
9 0.4890625 0.61171875 0.0203125 0.025
8 0.0640625 0.6390625 0.01875 0.3015625