3 0.21796875 0.70625 0.4359375 0.4203125
3 0.75078125 0.534375 0.05546875 0.0671875
10 0.47421875 0.54375 0.171875 0.27109375
0 0.5734375 0.54296875 0.0359375 0.12734375
4 0.65234375 0.55078125 0.01171875 0.0453125
4 0.70234375 0.55703125 0.015625 0.05859375
6 0.6546875 0.5203125 0.0109375 0.04375
6 0.7015625 0.5234375 0.0171875 0.03671875
7 0.9125 0.2859375 0.0328125 0.57109375
7 0.7953125 0.39296875 0.021875 0.19765625
7 0.765625 0.4375 0.01171875 0.09140625
3 0.6046875 0.5359375 0.02890625 0.07578125
8 0.5015625 0.93984375 0.996875 0.11875
8 0.671875 0.7265625 0.65546875 0.3125
6 0.015625 0.62109375 0.03125 0.2296875
5 0.078125 0.775 0.0640625 0.05625
5 0.43671875 0.6234375 0.0390625 0.03125
5 0.7515625 0.54609375 0.02421875 0.01484375