10 0.51484375 0.6515625 0.171875 0.21875
3 0.2046875 0.82734375 0.409375 0.3453125
6 0.3640625 0.6859375 0.0484375 0.11640625
6 0.7015625 0.61015625 0.04609375 0.1125
6 0.8875 0.590625 0.06015625 0.13359375
4 0.70625 0.721875 0.0515625 0.11796875
4 0.90546875 0.72109375 0.0546875 0.14140625
8 0.65703125 0.8796875 0.6859375 0.240625
3 0.78125 0.57890625 0.0359375 0.05546875
3 0.6109375 0.603125 0.0625 0.07109375
7 0.9390625 0.328125 0.0390625 0.38671875
6 0.2296875 0.61953125 0.03515625 0.075
6 0.3609375 0.60390625 0.028125 0.05
6 0.4203125 0.609375 0.02265625 0.0796875
5 0.50234375 0.71171875 0.04375 0.01953125
8 0.775 0.6828125 0.44921875 0.1453125