2 0.1953125 0.51875 0.3875 0.671875
2 0.65 0.496875 0.11171875 0.15390625
3 0.55234375 0.5546875 0.08828125 0.1
6 0.4796875 0.5234375 0.02578125 0.1109375
9 0.45390625 0.5875 0.1203125 0.0578125
8 0.5015625 0.80703125 0.99609375 0.38515625
7 0.89140625 0.315625 0.01640625 0.44921875
7 0.82265625 0.42421875 0.0140625 0.203125
3 0.7859375 0.52265625 0.03515625 0.06796875
7 0.803125 0.421875 0.00859375 0.1140625
7 0.7953125 0.4546875 0.00859375 0.05078125
4 0.76484375 0.5625 0.015625 0.0484375
6 0.76171875 0.5140625 0.01484375 0.0578125
8 0.69765625 0.58046875 0.41015625 0.0609375