0 0.06796875 0.7015625 0.1359375 0.35078125
0 0.5546875 0.52890625 0.04375 0.10390625
6 0.1625 0.57890625 0.03515625 0.15234375
6 0.259375 0.62578125 0.046875 0.19921875
6 0.3375 0.59453125 0.0390625 0.1546875
6 0.38046875 0.58515625 0.0390625 0.15078125
6 0.4359375 0.559375 0.03359375 0.121875
6 0.51015625 0.528125 0.03515625 0.0546875
9 0.18671875 0.703125 0.1046875 0.05859375
8 0.496875 0.859375 0.99375 0.2765625
8 0.64375 0.66015625 0.7125 0.1296875
8 0.5984375 0.5421875 0.03984375 0.10234375
3 0.6796875 0.5609375 0.11640625 0.19140625
3 0.8390625 0.49453125 0.09140625 0.084375
5 0.67734375 0.60546875 0.03984375 0.025