8 0.5015625 0.859375 0.99609375 0.28125
0 0.31171875 0.603125 0.12109375 0.22890625
0 0.45703125 0.5296875 0.03359375 0.13671875
0 0.5546875 0.5734375 0.04375 0.1453125
0 0.5890625 0.54375 0.0234375 0.1375
0 0.6125 0.53671875 0.021875 0.13671875
6 0.1453125 0.5546875 0.04609375 0.27109375
6 0.19921875 0.5734375 0.059375 0.1515625
9 0.1296875 0.68828125 0.259375 0.06640625
4 0.4203125 0.7328125 0.1140625 0.17734375
6 0.41875 0.56953125 0.05546875 0.19375
6 0.5046875 0.5609375 0.04296875 0.17265625
8 0.765625 0.60625 0.46796875 0.22265625