3 0.5109375 0.5609375 0.29765625 0.45859375
3 0.61484375 0.41015625 0.10703125 0.17109375
2 0.22578125 0.38828125 0.25390625 0.42890625
0 0.06640625 0.47265625 0.08515625 0.10625
0 0.90703125 0.36640625 0.15390625 0.259375
8 0.50078125 0.72578125 0.9984375 0.5453125
8 0.0640625 0.575 0.128125 0.07109375
6 0.79375 0.36015625 0.0921875 0.23828125
6 0.69609375 0.3484375 0.0421875 0.0984375
4 0.69453125 0.43046875 0.0390625 0.0828125
4 0.790625 0.54453125 0.1484375 0.16640625
3 0.0140625 0.5015625 0.028125 0.121875
5 0.51015625 0.646875 0.10390625 0.04296875
5 0.25078125 0.51640625 0.0640625 0.034375