6 0.16640625 0.66796875 0.084375 0.27421875
6 0.28359375 0.76015625 0.1390625 0.4671875
6 0.3984375 0.76015625 0.17421875 0.4671875
6 0.3765625 0.5515625 0.03046875 0.10234375
6 0.4125 0.54765625 0.02734375 0.1078125
4 0.09375 0.87734375 0.11875 0.24453125
8 0.6828125 0.6046875 0.3375 0.03828125
3 0.72109375 0.56796875 0.09140625 0.14375
3 0.65390625 0.53515625 0.04140625 0.0640625
0 0.6078125 0.553125 0.06328125 0.12421875
8 0.6765625 0.8125 0.646875 0.37421875
8 0.0203125 0.88359375 0.034375 0.2328125
9 0.05 0.7078125 0.09609375 0.1046875
9 0.240625 0.6359375 0.05390625 0.0390625
9 0.4 0.61328125 0.0859375 0.03515625
9 0.46328125 0.59375 0.040625 0.04296875
9 0.5390625 0.56875 0.0671875 0.034375
7 0.8296875 0.3390625 0.01796875 0.4078125
7 0.515625 0.4296875 0.03515625 0.26015625
7 0.7953125 0.42734375 0.01953125 0.209375