2 0.2875 0.4859375 0.575 0.565625
2 0.60390625 0.49609375 0.05 0.12578125
3 0.74921875 0.49921875 0.04453125 0.07578125
0 0.9765625 0.471875 0.0359375 0.0734375
0 0.69609375 0.4984375 0.02421875 0.05078125
6 0.71171875 0.5 0.0171875 0.05078125
4 0.71328125 0.546875 0.02578125 0.034375
8 0.5015625 0.88671875 0.996875 0.2265625
7 0.82109375 0.32734375 0.025 0.34765625
7 0.76796875 0.38046875 0.00859375 0.14609375
7 0.75234375 0.4140625 0.01171875 0.05234375
5 0.0921875 0.74140625 0.0625 0.0421875
8 0.690625 0.65078125 0.61796875 0.24296875