10 0.0953125 0.7515625 0.190625 0.496875
6 0.1796875 0.6203125 0.04609375 0.18828125
3 0.3265625 0.6640625 0.20234375 0.17890625
3 0.46640625 0.60859375 0.109375 0.12265625
3 0.5203125 0.58671875 0.03984375 0.0890625
3 0.75625 0.55625 0.040625 0.07890625
8 0.58125 0.8375 0.83671875 0.32421875
2 0.6859375 0.5328125 0.04375 0.06953125
6 0.61328125 0.60390625 0.06796875 0.16484375
6 0.37578125 0.55078125 0.02734375 0.078125
6 0.55078125 0.58125 0.02734375 0.0875
4 0.5484375 0.65 0.02109375 0.04375
4 0.61953125 0.76484375 0.071875 0.15
7 0.82109375 0.39921875 0.021875 0.31171875
5 0.2640625 0.678125 0.040625 0.03125
8 0.6671875 0.62578125 0.484375 0.096875