10 0.553125 0.56640625 0.11328125 0.22734375
6 0.13828125 0.5953125 0.0609375 0.24296875
6 0.02578125 0.60703125 0.0515625 0.28125
6 0.1984375 0.55546875 0.0390625 0.15859375
6 0.2703125 0.565625 0.0203125 0.1328125
3 0.4625 0.565625 0.06796875 0.11953125
6 0.31015625 0.53125 0.01171875 0.08671875
6 0.3296875 0.55703125 0.01640625 0.10234375
7 0.54140625 0.36484375 0.015625 0.240625
7 0.64765625 0.43359375 0.02734375 0.41171875
7 0.70390625 0.34296875 0.01640625 0.5828125
8 0.4984375 0.8328125 0.97578125 0.334375