10 0.21484375 0.6953125 0.4296875 0.4921875
2 0.52265625 0.54765625 0.1796875 0.21875
2 0.6796875 0.5296875 0.06953125 0.0953125
3 0.62734375 0.5546875 0.0296875 0.05703125
6 0.759375 0.5328125 0.0234375 0.06953125
4 0.7625 0.59765625 0.0296875 0.059375
8 0.55078125 0.7890625 0.8984375 0.42109375
7 0.9734375 0.2765625 0.053125 0.553125
7 0.81875 0.41484375 0.01640625 0.2546875
7 0.79375 0.46171875 0.0140625 0.14921875
4 0.05 0.85859375 0.1 0.2828125
5 0.07578125 0.84375 0.04609375 0.03046875
5 0.471875 0.60546875 0.025 0.0125