2 0.4546875 0.4984375 0.28359375 0.27890625
2 0.68359375 0.49296875 0.0796875 0.10546875
3 0.621875 0.52421875 0.0390625 0.065625
10 0.05078125 0.8 0.1015625 0.4
3 0.05703125 0.56875 0.1140625 0.11796875
9 0.215625 0.6734375 0.146875 0.0734375
8 0.5 0.82734375 0.996875 0.33984375
8 0.65234375 0.59375 0.6953125 0.13671875
3 0.62421875 0.52421875 0.0390625 0.084375
7 0.84296875 0.34609375 0.01640625 0.29296875
7 0.8109375 0.409375 0.0109375 0.1734375
7 0.79453125 0.4390625 0.0078125 0.065625
5 0.37734375 0.59921875 0.0359375 0.021875