10 0.3125 0.56484375 0.3390625 0.43515625
0 0.51484375 0.5625 0.0609375 0.15625
3 0.734375 0.52265625 0.05625 0.090625
3 0.57578125 0.54375 0.05390625 0.0671875
8 0.5 0.87734375 1 0.21953125
9 0.09921875 0.71328125 0.08359375 0.0828125
4 0.63671875 0.55546875 0.0171875 0.040625
6 0.63359375 0.51796875 0.01484375 0.040625
6 0.68046875 0.50546875 0.021875 0.046875
4 0.68125 0.55859375 0.02265625 0.06015625
7 0.78203125 0.3765625 0.01953125 0.21953125
7 0.75390625 0.42734375 0.0171875 0.09921875
7 0.97265625 0.28359375 0.0546875 0.56640625
5 0.2265625 0.7234375 0.0578125 0.03359375
8 0.68515625 0.65703125 0.6296875 0.23203125