6 0.52421875 0.62109375 0.0421875 0.17578125
6 0.86015625 0.57265625 0.025 0.10625
6 0.840625 0.56171875 0.0203125 0.0703125
9 0.76484375 0.571875 0.0390625 0.028125
6 0.79140625 0.56328125 0.01796875 0.0453125
6 0.7328125 0.5515625 0.00859375 0.0265625
9 0.1 0.94609375 0.2 0.08359375
9 0.16796875 0.85234375 0.21484375 0.096875
9 0.315625 0.7625 0.1578125 0.09375
9 0.43203125 0.690625 0.10546875 0.05390625
9 0.4953125 0.6609375 0.0140625 0.08515625
8 0.60078125 0.95234375 0.79765625 0.09453125
8 0.63828125 0.86171875 0.7234375 0.10390625
8 0.77265625 0.66875 0.45390625 0.06640625
8 0.69375 0.6078125 0.171875 0.04765625
4 0.73515625 0.59375 0.0171875 0.03671875
4 0.7921875 0.60078125 0.021875 0.04140625
9 0.93671875 0.628125 0.1265625 0.06484375
9 0.8203125 0.59453125 0.02734375 0.03828125
8 0.69765625 0.76328125 0.6046875 0.10546875