6 0.19140625 0.66640625 0.06796875 0.25546875
6 0.33203125 0.59375 0.03515625 0.16640625
6 0.43125 0.56015625 0.02890625 0.13671875
6 0.4625 0.5546875 0.02578125 0.13359375
6 0.65078125 0.525 0.02265625 0.08359375
6 0.9515625 0.48203125 0.046875 0.07421875
4 0.50234375 0.59140625 0.02421875 0.05
4 0.95078125 0.54375 0.0453125 0.0625
3 0.78515625 0.58203125 0.16640625 0.24921875
0 0.87265625 0.50546875 0.053125 0.11875
8 0.503125 0.896875 0.9875 0.20625
8 0.6125 0.68046875 0.775 0.2296875
6 0.50078125 0.5203125 0.0328125 0.0578125
8 0.59375 0.53359375 0.08203125 0.05625
9 0.078125 0.740625 0.15625 0.10625
9 0.2671875 0.66015625 0.08515625 0.0734375
9 0.38359375 0.6125 0.06328125 0.0546875
7 0.9515625 0.34375 0.0140625 0.20859375
7 0.8515625 0.3609375 0.01015625 0.190625