6 0.0609375 0.7515625 0.121875 0.496875
6 0.40390625 0.58828125 0.0296875 0.12421875
6 0.4765625 0.5875 0.01484375 0.1109375
6 0.4921875 0.578125 0.01796875 0.11015625
6 0.528125 0.57109375 0.03515625 0.09609375
6 0.57265625 0.54921875 0.02421875 0.059375
4 0.13359375 0.84296875 0.1140625 0.3140625
4 0.5703125 0.59765625 0.01953125 0.0484375
8 0.56015625 0.8703125 0.8796875 0.259375
1 0.40234375 0.68984375 0.0421875 0.09140625
0 0.353125 0.6171875 0.06171875 0.1921875
0 0.609375 0.5609375 0.03515625 0.075
3 0.840625 0.53984375 0.07578125 0.075
8 0.64453125 0.57421875 0.03671875 0.084375
3 0.7171875 0.58828125 0.11015625 0.18046875
7 0.953125 0.3015625 0.04140625 0.60234375
8 0.64375 0.66640625 0.640625 0.14765625