6 0.03359375 0.65546875 0.0671875 0.33515625
6 0.2578125 0.5828125 0.05859375 0.23359375
6 0.37421875 0.56015625 0.0375 0.15390625
6 0.42890625 0.53984375 0.02578125 0.12421875
6 0.49375 0.521875 0.0234375 0.11328125
6 0.5203125 0.50390625 0.025 0.06328125
4 0.51875 0.559375 0.021875 0.04921875
0 0.54921875 0.51953125 0.04609375 0.09375
3 0.940625 0.49921875 0.10390625 0.0984375
6 0.81875 0.49765625 0.02734375 0.06484375
7 0.8765625 0.2953125 0.0375 0.54453125
3 0.709375 0.56953125 0.14140625 0.2109375
0 0.7734375 0.50625 0.0328125 0.10625
8 0.53671875 0.5984375 0.1984375 0.03671875
8 0.60546875 0.5484375 0.06640625 0.06171875
9 0.32109375 0.590625 0.06796875 0.05546875
9 0.40234375 0.56875 0.01875 0.06328125
9 0.46171875 0.55234375 0.0359375 0.0578125
9 0.14921875 0.6484375 0.16015625 0.0625
8 0.50078125 0.80546875 0.9984375 0.3890625