3 0.04140625 0.8203125 0.0828125 0.359375
3 0.5484375 0.5765625 0.059375 0.07890625
3 0.7453125 0.5484375 0.05703125 0.0953125
8 0.53984375 0.87890625 0.9203125 0.24140625
0 0.37265625 0.64921875 0.14140625 0.2375
9 0.14609375 0.75234375 0.12578125 0.07265625
9 0.271875 0.6875 0.06875 0.06875
9 0.484375 0.61640625 0.0703125 0.0328125
6 0.4546875 0.575 0.02109375 0.09765625
6 0.48515625 0.5703125 0.0265625 0.10234375
4 0.634375 0.58203125 0.0203125 0.046875
4 0.68359375 0.5765625 0.0171875 0.04140625
6 0.63359375 0.54296875 0.021875 0.0390625
6 0.68046875 0.528125 0.01953125 0.0359375
7 0.81640625 0.3703125 0.03046875 0.2765625
7 0.7703125 0.4359375 0.01328125 0.09765625
3 0.92421875 0.5359375 0.03828125 0.040625
8 0.65234375 0.66640625 0.69453125 0.18125