6 0.6109375 0.74140625 0.15625 0.38984375
6 0.65234375 0.5125 0.021875 0.0703125
6 0.48671875 0.6203125 0.04375 0.1328125
6 0.1875 0.65234375 0.04921875 0.090625
4 0.0296875 0.69765625 0.059375 0.12578125
4 0.11796875 0.68046875 0.07890625 0.1234375
4 0.18984375 0.73125 0.0765625 0.07734375
4 0.49140625 0.73671875 0.06015625 0.12109375
4 0.59453125 0.96484375 0.1453125 0.0703125
8 0.5 0.8953125 1 0.209375
3 0.67109375 0.59375 0.078125 0.11171875
0 0.5515625 0.5921875 0.04453125 0.09609375
7 0.84609375 0.3046875 0.0453125 0.60859375
7 0.73671875 0.4234375 0.02734375 0.28125
4 0.12265625 0.6765625 0.0890625 0.1203125
9 0.29921875 0.69375 0.14140625 0.04609375
9 0.3890625 0.64609375 0.078125 0.03046875
9 0.04375 0.78515625 0.08515625 0.04140625
8 0.571875 0.69140625 0.68515625 0.1953125