6 0.08828125 0.76171875 0.1765625 0.4765625
10 0.33671875 0.66640625 0.3109375 0.328125
2 0.53359375 0.559375 0.15703125 0.19609375
2 0.671875 0.5453125 0.0671875 0.09375
8 0.5890625 0.82578125 0.821875 0.3484375
8 0.7328125 0.6171875 0.23828125 0.06796875
6 0.7515625 0.5546875 0.03828125 0.0671875
4 0.75234375 0.61484375 0.0296875 0.0578125
7 0.92421875 0.2921875 0.05546875 0.584375
7 0.8 0.44140625 0.01328125 0.23828125
7 0.77578125 0.45859375 0.01171875 0.1484375
3 0.628125 0.57578125 0.02578125 0.05625
5 0.2765625 0.765625 0.046875 0.01640625