2 0.97109375 0.48203125 0.0578125 0.1453125
3 0.7953125 0.51640625 0.0484375 0.05078125
3 0.7140625 0.54453125 0.10703125 0.16640625
3 0.90078125 0.51953125 0.06640625 0.06640625
4 0.09140625 0.68671875 0.1828125 0.20625
6 0.153125 0.57578125 0.04765625 0.11171875
6 0.23828125 0.6109375 0.04609375 0.22109375
6 0.315625 0.58515625 0.02578125 0.15625
6 0.371875 0.6015625 0.08125 0.209375
0 0.45859375 0.5734375 0.04609375 0.115625
0 0.61484375 0.54453125 0.03359375 0.08515625
8 0.5296875 0.82265625 0.93984375 0.35390625
4 0.36328125 0.78828125 0.1 0.21796875
6 0.5515625 0.55390625 0.0234375 0.08984375
6 0.49296875 0.5703125 0.015625 0.11875
6 0.521875 0.5515625 0.02109375 0.075
1 0.521875 0.60078125 0.01796875 0.065625
7 0.85 0.3125 0.034375 0.484375
5 0.328125 0.74609375 0.034375 0.03671875
5 0.71640625 0.584375 0.03671875 0.0234375
8 0.66640625 0.6125 0.47734375 0.05859375