6 0.2359375 0.6171875 0.05390625 0.2203125
6 0.35546875 0.56875 0.04453125 0.15859375
6 0.44609375 0.546875 0.03046875 0.13359375
6 0.503125 0.51328125 0.0296875 0.0703125
6 0.6609375 0.50859375 0.0265625 0.08984375
6 0.92421875 0.48046875 0.0359375 0.0609375
8 0.5 0.85859375 1 0.2828125
8 0.6984375 0.62578125 0.47109375 0.1921875
9 0.14296875 0.68125 0.125 0.07734375
8 0.36171875 0.66484375 0.19921875 0.10390625
9 0.30078125 0.621875 0.071875 0.05546875
9 0.4015625 0.56875 0.04921875 0.05625
3 0.7671875 0.56953125 0.16171875 0.24609375
5 0.7625 0.62734375 0.05859375 0.040625