10 0.178125 0.74453125 0.35625 0.5078125
3 0.4015625 0.653125 0.14140625 0.1625
3 0.50546875 0.60703125 0.103125 0.10234375
10 0.61015625 0.57265625 0.0265625 0.08359375
2 0.6875 0.54453125 0.03515625 0.0734375
4 0.64375 0.75625 0.05546875 0.16796875
4 0.809375 0.6484375 0.04296875 0.11015625
3 0.7484375 0.5609375 0.0375 0.06953125
7 0.8125 0.390625 0.025 0.2765625
8 0.5484375 0.90859375 0.90234375 0.18203125
8 0.67734375 0.77578125 0.6453125 0.0828125
5 0.63515625 0.72578125 0.02734375 0.0234375
5 0.34296875 0.66875 0.0296875 0.02734375
5 0.8109375 0.63203125 0.015625 0.0171875
5 0.46953125 0.61640625 0.02421875 0.0171875
8 0.734375 0.66640625 0.53046875 0.14140625