6 0.19609375 0.81953125 0.084375 0.259375
6 0.5921875 0.821875 0.04375 0.10625
3 0.50859375 0.76796875 0.078125 0.10390625
3 0.7328125 0.88046875 0.21953125 0.2046875
3 0.1203125 0.8203125 0.078125 0.246875
3 0.26171875 0.75859375 0.04921875 0.1265625
3 0.29765625 0.7375 0.05 0.07578125
2 0.04296875 0.6578125 0.0859375 0.33828125
2 0.134375 0.634375 0.09453125 0.1703125
2 0.446875 0.7046875 0.065625 0.11171875
2 0.7125 0.71171875 0.13515625 0.171875
2 0.88828125 0.73046875 0.2234375 0.2078125
2 0.92109375 0.91640625 0.15703125 0.165625
8 0.1625 0.9140625 0.31953125 0.17109375
7 0.33359375 0.32890625 0.015625 0.61953125
7 0.34453125 0.7375 0.01875 0.0671875
2 0.2984375 0.65234375 0.01875 0.0265625
7 0.4578125 0.203125 0.01875 0.190625
8 0.55859375 0.8765625 0.30078125 0.24609375