3 0.36015625 0.8078125 0.32890625 0.38359375
3 0.7953125 0.5828125 0.03984375 0.0671875
10 0.5640625 0.6421875 0.1421875 0.17734375
8 0.58671875 0.86484375 0.8265625 0.26796875
8 0.79375 0.66875 0.4109375 0.12421875
9 0.05 0.87734375 0.1 0.125
9 0.1484375 0.8203125 0.1171875 0.10234375
6 0.7125 0.61328125 0.04453125 0.109375
6 0.92265625 0.60546875 0.07421875 0.15
4 0.9328125 0.7546875 0.08671875 0.15234375
4 0.7203125 0.7203125 0.059375 0.10625
7 0.93515625 0.3671875 0.0390625 0.34921875
5 0.296875 0.796875 0.0703125 0.0375
5 0.94140625 0.71640625 0.028125 0.0328125
5 0.71015625 0.6984375 0.02109375 0.025
5 0.5546875 0.690625 0.040625 0.02578125