2 0.3859375 0.48984375 0.359375 0.34921875
8 0.5015625 0.8828125 0.996875 0.234375
8 0.6 0.68515625 0.79921875 0.16484375
3 0.6015625 0.5234375 0.05625 0.059375
3 0.78359375 0.496875 0.021875 0.053125
2 0.6734375 0.48125 0.08359375 0.1140625
6 0.7625 0.490625 0.01953125 0.05859375
4 0.76328125 0.54140625 0.02421875 0.04921875
9 0.09921875 0.7125 0.1984375 0.12265625
7 0.84453125 0.33984375 0.02421875 0.3125
7 0.80859375 0.40078125 0.0171875 0.1671875
7 0.7890625 0.42890625 0.0171875 0.05625
8 0.7171875 0.56015625 0.3390625 0.07734375