6 0.66328125 0.60859375 0.0703125 0.14765625
6 0.825 0.571875 0.0390625 0.10625
4 0.66640625 0.75 0.071875 0.128125
4 0.83125 0.66640625 0.0515625 0.09140625
8 0.56796875 0.91875 0.8640625 0.159375
8 0.72734375 0.775 0.54453125 0.12734375
3 0.46875 0.6390625 0.09765625 0.12890625
3 0.5296875 0.61328125 0.075 0.1140625
10 0.6296875 0.5703125 0.04296875 0.084375
2 0.6953125 0.55 0.03359375 0.06171875
3 0.7625 0.56171875 0.040625 0.0671875
7 0.815625 0.4109375 0.03359375 0.23828125
7 0.78359375 0.4953125 0.0125 0.06640625
7 0.76875 0.49453125 0.01015625 0.0609375
5 0.13359375 0.903125 0.06796875 0.04140625
10 0.22578125 0.7578125 0.4515625 0.484375
8 0.75859375 0.6625 0.4828125 0.0953125