6 0.48046875 0.640625 0.1109375 0.26640625
6 0.3453125 0.62265625 0.05 0.13828125
6 0.76953125 0.55703125 0.02734375 0.0765625
3 0.18515625 0.66484375 0.25546875 0.26875
10 0.55546875 0.58203125 0.11328125 0.171875
10 0.68515625 0.53984375 0.05390625 0.07421875
2 0.61875 0.5484375 0.06328125 0.12421875
9 0.0296875 0.7640625 0.059375 0.08359375
8 0.5015625 0.8703125 0.996875 0.25859375
8 0.62890625 0.66875 0.7421875 0.14375
8 0.7046875 0.58359375 0.11015625 0.0171875
4 0.478125 0.88125 0.13828125 0.22890625
4 0.3515625 0.74140625 0.08203125 0.13046875
4 0.771875 0.62578125 0.02578125 0.065625
7 0.85390625 0.35 0.028125 0.42578125
7 0.79140625 0.43828125 0.0140625 0.15859375
7 0.77421875 0.46328125 0.0109375 0.1203125
3 0.40078125 0.61640625 0.06328125 0.12421875
3 0.7484375 0.5515625 0.02578125 0.05390625
5 0.1015625 0.67890625 0.040625 0.0375
5 0.43125 0.8640625 0.04375 0.06015625