6 0.559375 0.76171875 0.1328125 0.43046875
6 0.44609375 0.6296875 0.06328125 0.1796875
6 0.15546875 0.6359375 0.04453125 0.1640625
6 0.0203125 0.67109375 0.040625 0.21171875
6 0.3734375 0.6109375 0.02265625 0.05859375
8 0.24140625 0.9203125 0.4828125 0.159375
8 0.30546875 0.7921875 0.2015625 0.10234375
8 0.1640625 0.81484375 0.08359375 0.0546875
8 0.1 0.825 0.04765625 0.0375
8 0.82265625 0.82734375 0.3390625 0.3453125
4 0.446875 0.7796875 0.08515625 0.1609375
4 0.25546875 0.6375 0.065625 0.1125
4 0.32109375 0.6359375 0.05859375 0.08984375
3 0.709375 0.584375 0.06875 0.11171875
0 0.59140625 0.584375 0.0515625 0.09375
7 0.83125 0.2859375 0.04140625 0.571875
7 0.7671875 0.42421875 0.02578125 0.26484375
7 0.425 0.43984375 0.0296875 0.3046875
8 0.3703125 0.7171875 0.08828125 0.04921875