2 0.2765625 0.50546875 0.50625 0.421875
2 0.659375 0.5046875 0.09375 0.11953125
3 0.58203125 0.5484375 0.06875 0.06875
3 0.7765625 0.5234375 0.02890625 0.06953125
6 0.75078125 0.51953125 0.02109375 0.065625
4 0.7546875 0.57109375 0.021875 0.0546875
7 0.84375 0.359375 0.01875 0.3296875
7 0.803125 0.4375 0.009375 0.171875
7 0.78671875 0.43984375 0.00859375 0.1328125
8 0.49921875 0.85859375 0.9984375 0.2828125
9 0.040625 0.72109375 0.08125 0.0734375
9 0.54140625 0.55859375 0.03125 0.0375
5 0.103125 0.67734375 0.04453125 0.03359375
8 0.68046875 0.6296875 0.6390625 0.1625