6 0.515625 0.74765625 0.18125 0.4625
6 0.38125 0.63515625 0.05859375 0.21796875
6 0.29375 0.59296875 0.0328125 0.153125
6 0.2203125 0.6 0.04453125 0.16171875
6 0.44375 0.57109375 0.02734375 0.071875
0 0.6046875 0.56640625 0.05546875 0.11796875
3 0.71953125 0.57265625 0.07890625 0.11640625
3 0.64765625 0.55390625 0.04375 0.05078125
9 0.05546875 0.75 0.11015625 0.06875
9 0.15546875 0.715625 0.08203125 0.07421875
9 0.26328125 0.6734375 0.03125 0.0546875
9 0.33515625 0.65390625 0.04296875 0.046875
4 0.3796875 0.809375 0.08984375 0.21015625
7 0.83828125 0.30703125 0.02734375 0.54375
7 0.47265625 0.43671875 0.03671875 0.30703125
7 0.78828125 0.40703125 0.0234375 0.24375
8 0.66015625 0.6046875 0.046875 0.04609375
8 0.79765625 0.5984375 0.0765625 0.06171875
8 0.5 0.784375 1 0.43125