2 0.2703125 0.55234375 0.540625 0.8921875
3 0.56328125 0.58125 0.06015625 0.12734375
10 0.58828125 0.521875 0.0640625 0.14375
3 0.746875 0.53046875 0.04453125 0.06328125
0 0.6921875 0.52578125 0.02109375 0.05390625
6 0.65859375 0.5203125 0.015625 0.04375
4 0.65859375 0.55 0.01484375 0.0328125
8 0.5 0.81953125 1 0.3609375
7 0.8328125 0.3390625 0.0203125 0.375
7 0.77265625 0.42421875 0.00546875 0.153125
7 0.75234375 0.440625 0.0046875 0.05390625
8 0.69375 0.59453125 0.31328125 0.09609375
4 0.71328125 0.56015625 0.01640625 0.03984375
6 0.7125 0.51640625 0.015625 0.046875
3 0.91796875 0.5078125 0.0515625 0.046875
3 0.85703125 0.5140625 0.0234375 0.034375