10 0.65234375 0.58515625 0.175 0.3421875
8 0.484375 0.8125 0.9515625 0.37421875
6 0.1828125 0.55390625 0.0515625 0.215625
6 0.2828125 0.55390625 0.02578125 0.16015625
6 0.07734375 0.6296875 0.071875 0.36875
7 0.79609375 0.328125 0.0203125 0.6453125
7 0.71796875 0.26015625 0.0265625 0.4546875
7 0.57421875 0.35546875 0.0140625 0.29765625
3 0.49375 0.559375 0.07265625 0.1265625
8 0.38203125 0.5984375 0.34921875 0.06640625
5 0.67578125 0.6671875 0.0484375 0.034375
5 0.49375 0.5875 0.03203125 0.0140625