0 0.04140625 0.60859375 0.0828125 0.09609375
6 0.1328125 0.69921875 0.11953125 0.27734375
6 0.2484375 0.6015625 0.04140625 0.225
6 0.19765625 0.6234375 0.04609375 0.21875
0 0.4515625 0.61875 0.125 0.23203125
6 0.29296875 0.61171875 0.04296875 0.11171875
6 0.375 0.60078125 0.03671875 0.18203125
4 0.296875 0.7171875 0.0546875 0.1046875
4 0.68203125 0.59609375 0.0296875 0.06640625
3 0.64765625 0.54296875 0.05 0.0984375
4 0.1375 0.87109375 0.26875 0.2453125
8 0.6359375 0.88671875 0.72734375 0.2265625
8 0.66171875 0.740625 0.6765625 0.059375
8 0.69375 0.65703125 0.6046875 0.10234375
8 0.7390625 0.57421875 0.34140625 0.0578125