6 0.04375 0.75703125 0.08671875 0.38046875
6 0.340625 0.6125 0.04296875 0.18203125
6 0.40546875 0.59375 0.02890625 0.16328125
6 0.43359375 0.5984375 0.0234375 0.15859375
6 0.50234375 0.56796875 0.01015625 0.096875
6 0.478125 0.5671875 0.01875 0.1015625
6 0.53984375 0.54765625 0.0328125 0.084375
0 0.5875 0.55234375 0.03984375 0.08671875
0 0.190625 0.66328125 0.12734375 0.27421875
3 0.70390625 0.5921875 0.121875 0.20078125
3 0.85 0.52734375 0.07890625 0.0890625
3 0.94140625 0.52109375 0.03828125 0.0734375
6 0.9109375 0.5328125 0.01953125 0.096875
1 0.06484375 0.88046875 0.1296875 0.1796875
8 0.5 0.903125 1 0.19375
8 0.6265625 0.57578125 0.03046875 0.084375
9 0.28984375 0.66640625 0.0671875 0.065625
9 0.4546875 0.590625 0.015625 0.0734375
4 0.534375 0.5953125 0.01796875 0.04140625
7 0.80234375 0.390625 0.02265625 0.33515625
5 0.7046875 0.63125 0.04375 0.025
8 0.628125 0.69765625 0.74375 0.20390625