6 0.03046875 0.70859375 0.0609375 0.2515625
6 0.240625 0.62734375 0.0390625 0.18828125
6 0.31484375 0.62109375 0.046875 0.18984375
6 0.48359375 0.56328125 0.03203125 0.11484375
6 0.92109375 0.46796875 0.0421875 0.09140625
8 0.5 0.86484375 1 0.2703125
3 0.759375 0.6015625 0.1796875 0.2578125
0 0.84296875 0.50390625 0.04921875 0.1109375
4 0.91875 0.54140625 0.03046875 0.0578125
4 0.34453125 0.63046875 0.02109375 0.0625
6 0.34296875 0.571875 0.03671875 0.06640625
9 0.1078125 0.70625 0.13515625 0.0671875
9 0.19609375 0.665625 0.05546875 0.053125
3 0.9859375 0.4828125 0.028125 0.1390625
8 0.5875 0.65625 0.82265625 0.159375