3 0.20390625 0.709375 0.30546875 0.2796875
2 0.54296875 0.5078125 0.221875 0.22734375
10 0.66796875 0.5078125 0.02734375 0.11953125
9 0.02734375 0.78203125 0.0546875 0.115625
9 0.40390625 0.64140625 0.053125 0.06328125
3 0.78359375 0.51171875 0.04921875 0.06171875
0 0.73828125 0.5109375 0.01875 0.04609375
0 0.978125 0.48125 0.03359375 0.059375
7 0.83671875 0.3640625 0.01875 0.2828125
7 0.80234375 0.4078125 0.01015625 0.1234375
7 0.78515625 0.4328125 0.009375 0.06640625
8 0.5 0.86875 1 0.2625
8 0.6859375 0.65546875 0.62265625 0.159375
6 0.24453125 0.5296875 0.03828125 0.0890625
8 0.76171875 0.54921875 0.21328125 0.05234375