6 0.15546875 0.6265625 0.0484375 0.23828125
6 0.26015625 0.59609375 0.03984375 0.1921875
6 0.31640625 0.5765625 0.034375 0.1703125
6 0.39453125 0.5546875 0.028125 0.12578125
6 0.4234375 0.55390625 0.02265625 0.1140625
6 0.47578125 0.5171875 0.03203125 0.05703125
6 0.0671875 0.56640625 0.03671875 0.15703125
0 0.5265625 0.528125 0.0484375 0.09375
3 0.65234375 0.57265625 0.11484375 0.20078125
3 0.82109375 0.4953125 0.0984375 0.08671875
3 0.89375 0.496875 0.03515625 0.06171875
6 0.91640625 0.5078125 0.028125 0.11171875
9 0.06796875 0.721875 0.1359375 0.09609375
9 0.35546875 0.57890625 0.04375 0.05234375
9 0.453125 0.55234375 0.0296875 0.0359375
8 0.5671875 0.5609375 0.03984375 0.06875
3 0.9875 0.49609375 0.025 0.06015625
7 0.7703125 0.3515625 0.0125 0.3875
8 0.5015625 0.88984375 0.996875 0.2203125
8 0.5484375 0.69140625 0.82890625 0.18828125