10 0.45703125 0.6859375 0.21484375 0.2828125
6 0.22421875 0.7453125 0.06171875 0.15234375
3 0.19296875 0.76796875 0.2890625 0.1921875
8 0.60390625 0.91015625 0.7921875 0.1796875
8 0.7484375 0.71171875 0.503125 0.2234375
6 0.690625 0.628125 0.05078125 0.1125
6 0.859375 0.60078125 0.06171875 0.1265625
4 0.696875 0.75234375 0.059375 0.134375
4 0.875 0.72890625 0.0640625 0.12265625
3 0.7703125 0.58515625 0.0421875 0.05390625
3 0.58984375 0.621875 0.06484375 0.0765625
6 0.14453125 0.64296875 0.03671875 0.06796875
6 0.27421875 0.63359375 0.03203125 0.071875
7 0.95078125 0.325 0.04375 0.459375
5 0.0953125 0.79375 0.04921875 0.0265625
5 0.43359375 0.765625 0.04921875 0.03046875
5 0.6875 0.7234375 0.025 0.025
5 0.8765625 0.6953125 0.02890625 0.01953125
4 0.22421875 0.87265625 0.1390625 0.13671875