3 0.3453125 0.675 0.215625 0.21484375
2 0.58671875 0.54140625 0.19375 0.21640625
3 0.79375 0.5390625 0.0484375 0.07265625
7 0.84765625 0.403125 0.03671875 0.2546875
7 0.8140625 0.43984375 0.01484375 0.115625
8 0.5 0.928125 1 0.14375
8 0.60390625 0.7578125 0.7921875 0.20703125
2 0.68828125 0.5296875 0.0265625 0.090625
7 0.8 0.46015625 0.01015625 0.06875
9 0.10390625 0.79921875 0.20390625 0.1046875
9 0.1921875 0.72265625 0.08984375 0.03203125
6 0.3203125 0.5515625 0.03125 0.0671875
8 0.7484375 0.6125 0.50234375 0.09140625