6 0.4015625 0.58515625 0.03984375 0.20234375
6 0.5109375 0.5703125 0.05 0.21796875
6 0.45078125 0.5484375 0.0390625 0.1609375
8 0.5890625 0.846875 0.82109375 0.30546875
8 0.71015625 0.62109375 0.33671875 0.14453125
9 0.090625 0.84375 0.18046875 0.3125
9 0.27265625 0.68203125 0.178125 0.15
9 0.3703125 0.621875 0.0140625 0.1546875
9 0.91796875 0.540625 0.10703125 0.07265625
9 0.9671875 0.60078125 0.06484375 0.02421875
9 0.815625 0.5453125 0.0203125 0.03828125
9 0.84765625 0.553125 0.028125 0.04453125