3 0.23984375 0.66328125 0.271875 0.225
3 0.42734375 0.58203125 0.125 0.13828125
3 0.49296875 0.5625 0.028125 0.09609375
3 0.75078125 0.5203125 0.03671875 0.05625
2 0.68125 0.5046875 0.04453125 0.06796875
2 0.64140625 0.5109375 0.03671875 0.0875
10 0.6140625 0.5265625 0.0359375 0.0828125
10 0.51953125 0.5546875 0.0265625 0.08125
6 0.596875 0.58203125 0.071875 0.16015625
6 0.78515625 0.51796875 0.0328125 0.07734375
4 0.7859375 0.6 0.03671875 0.09140625
4 0.59375 0.74765625 0.0828125 0.1921875
8 0.5 0.86953125 1 0.2609375
8 0.63671875 0.6625 0.7265625 0.14375
6 0.06015625 0.621875 0.05703125 0.22265625
9 0.02421875 0.75625 0.04609375 0.08125
9 0.0828125 0.75859375 0.059375 0.0515625
6 0.33359375 0.534375 0.028125 0.10625
7 0.8234375 0.36171875 0.02109375 0.34375
7 0.78125 0.4140625 0.0109375 0.1328125
7 0.765625 0.45 0.009375 0.09453125
5 0.1453125 0.67578125 0.05546875 0.03984375