6 0.29765625 0.60078125 0.09453125 0.25234375
6 0.15390625 0.61875 0.0546875 0.27890625
4 0.29765625 0.83125 0.1625 0.28125
6 0.50078125 0.5390625 0.02421875 0.084375
6 0.55 0.54375 0.0171875 0.07265625
0 0.61640625 0.53671875 0.03671875 0.08359375
0 0.434375 0.565625 0.0453125 0.1296875
4 0.046875 0.69375 0.09375 0.23671875
6 0.0671875 0.56796875 0.03671875 0.1
6 0.2578125 0.58046875 0.01484375 0.16015625
7 0.146875 0.29765625 0.01484375 0.26484375
7 0.26484375 0.3234375 0.015625 0.16328125
3 0.71953125 0.55 0.10703125 0.165625
3 0.82109375 0.5125 0.065625 0.05546875
7 0.8828125 0.284375 0.0265625 0.56875
8 0.5 0.81015625 1 0.37890625
8 0.6671875 0.596875 0.4203125 0.05078125