6 0.30390625 0.61171875 0.0421875 0.24453125
6 0.62109375 0.5171875 0.03125 0.06796875
6 0.984375 0.56953125 0.03125 0.26796875
6 0.93984375 0.55390625 0.075 0.28515625
3 0.6796875 0.525 0.05 0.06640625
3 0.7671875 0.52734375 0.0703125 0.0953125
7 0.8390625 0.390625 0.01640625 0.20078125
4 0.6234375 0.57890625 0.0375 0.06328125
4 0.95078125 0.81484375 0.0984375 0.21953125
8 0.271875 0.865625 0.14765625 0.26796875
9 0.21796875 0.71484375 0.1234375 0.1859375
7 0.46640625 0.4359375 0.015625 0.25
8 0.67265625 0.784375 0.64921875 0.43125