3 0.146875 0.71875 0.29375 0.29765625
3 0.3765625 0.61171875 0.15859375 0.1671875
6 0.48671875 0.5875 0.034375 0.090625
6 0.56015625 0.6078125 0.07265625 0.2015625
4 0.565625 0.80703125 0.09375 0.20625
2 0.68515625 0.53359375 0.04921875 0.0796875
3 0.75234375 0.5515625 0.04296875 0.06953125
4 0.7859375 0.6171875 0.03515625 0.08984375
6 0.78046875 0.53828125 0.02734375 0.05625
8 0.49765625 0.8453125 0.9953125 0.309375
10 0.61796875 0.5625 0.03671875 0.1109375
7 0.8359375 0.38515625 0.02734375 0.36640625
7 0.78671875 0.46484375 0.0109375 0.1546875
7 0.771875 0.46640625 0.009375 0.09921875
2 0.88671875 0.521875 0.0578125 0.05625
5 0.33046875 0.61796875 0.03359375 0.01796875
5 0.54296875 0.7703125 0.03828125 0.04375
8 0.61640625 0.63125 0.634375 0.11796875