0 0.13984375 0.7625 0.2796875 0.4734375
6 0.34609375 0.6421875 0.04609375 0.1953125
6 0.44140625 0.5765625 0.0359375 0.12421875
6 0.50859375 0.55859375 0.0375 0.10703125
3 0.66015625 0.578125 0.078125 0.109375
6 0.7140625 0.54375 0.0359375 0.09609375
4 0.7125 0.61953125 0.03203125 0.07109375
6 0.3953125 0.5625 0.025 0.12890625
8 0.62265625 0.84609375 0.7546875 0.3078125
9 0.55078125 0.5828125 0.04140625 0.0625
9 0.47734375 0.61015625 0.02734375 0.0859375
8 0.759375 0.6328125 0.48046875 0.11484375