6 0.9234375 0.48984375 0.1234375 0.2328125
4 0.92578125 0.7171875 0.12421875 0.21796875
6 0.11171875 0.56328125 0.1015625 0.35078125
3 0.6859375 0.4734375 0.05390625 0.08203125
3 0.77265625 0.4640625 0.05703125 0.0796875
6 0.60703125 0.4546875 0.0265625 0.05390625
4 0.609375 0.5125 0.0328125 0.065625
8 0.61875 0.7484375 0.75625 0.503125
8 0.1921875 0.8984375 0.1046875 0.19921875
8 0.10078125 0.93828125 0.0796875 0.12265625
9 0.05859375 0.78125 0.10390625 0.1734375
9 0.19296875 0.66171875 0.09296875 0.14296875
7 0.85390625 0.321875 0.02265625 0.23671875