6 0.22578125 0.73828125 0.08046875 0.18359375
3 0.50546875 0.7609375 0.08515625 0.12265625
4 0.21015625 0.91328125 0.07109375 0.16328125
2 0.421875 0.67578125 0.08984375 0.13671875
2 0.80625 0.77109375 0.384375 0.2671875
3 0.821875 0.9328125 0.275 0.134375
7 0.7484375 0.5046875 0.084375 0.98984375
7 0.2859375 0.47578125 0.02109375 0.36640625
7 0.475 0.128125 0.01640625 0.19921875
3 0.09609375 0.7078125 0.05625 0.1546875
3 0.1578125 0.73828125 0.0703125 0.16875
8 0.20390625 0.89453125 0.28125 0.2109375
8 0.55234375 0.84765625 0.32109375 0.22578125