6 0.55703125 0.54765625 0.03828125 0.1546875
6 0.4984375 0.5625 0.040625 0.1515625
6 0.93203125 0.5375 0.04296875 0.15703125
6 0.7859375 0.51796875 0.02265625 0.08125
6 0.8109375 0.50703125 0.01484375 0.09609375
8 0.59609375 0.90625 0.8078125 0.1875
8 0.73359375 0.7265625 0.5328125 0.16875
8 0.74140625 0.5921875 0.33125 0.084375
8 0.70546875 0.53125 0.19140625 0.03828125
9 0.096875 0.88203125 0.19375 0.2359375
9 0.25859375 0.73671875 0.15 0.1578125
9 0.4015625 0.6578125 0.13046875 0.15703125
9 0.88125 0.54453125 0.0640625 0.0546875
9 0.9765625 0.571875 0.04140625 0.0546875
7 0.8796875 0.38203125 0.01328125 0.375