8 0.5015625 0.909375 0.996875 0.18046875
1 0.27890625 0.74296875 0.09140625 0.1625
6 0.28515625 0.60546875 0.0484375 0.12109375
6 0.3890625 0.60078125 0.03046875 0.15859375
6 0.440625 0.590625 0.01953125 0.13203125
6 0.4609375 0.58984375 0.02109375 0.13359375
6 0.5015625 0.57265625 0.02578125 0.09609375
6 0.55546875 0.553125 0.025 0.06328125
9 0.35 0.6546875 0.03515625 0.05859375
9 0.1140625 0.74765625 0.11328125 0.16484375
8 0.61328125 0.75546875 0.77265625 0.1203125
4 0.55 0.59921875 0.0234375 0.0453125
8 0.6328125 0.5609375 0.04140625 0.071875
0 0.59453125 0.55078125 0.0375 0.08359375
7 0.9890625 0.28671875 0.02109375 0.5625
7 0.80390625 0.4 0.01640625 0.29609375
3 0.8484375 0.53359375 0.071875 0.084375
3 0.93828125 0.53125 0.03671875 0.06171875
8 0.6875 0.63515625 0.42578125 0.1203125