6 0.14609375 0.525 0.03671875 0.2265625
6 0.20546875 0.4984375 0.0171875 0.09375
6 0.24375 0.4953125 0.02109375 0.09140625
6 0.178125 0.51640625 0.0234375 0.1390625
6 0.26796875 0.49296875 0.01484375 0.065625
6 0.2953125 0.4890625 0.0125 0.0375
6 0.309375 0.48828125 0.01328125 0.0390625
4 0.2953125 0.5203125 0.009375 0.03359375
4 0.3078125 0.5171875 0.0140625 0.0234375
3 0.3484375 0.50625 0.0359375 0.0671875
3 0.3234375 0.48828125 0.01953125 0.03125
10 0.396875 0.50234375 0.0546875 0.11171875
8 0.5 0.8328125 1 0.334375
9 0.06328125 0.58828125 0.12421875 0.16640625
7 0.421875 0.378125 0.009375 0.259375
7 0.48515625 0.3765625 0.01875 0.34609375
7 0.51484375 0.32578125 0.01796875 0.4421875
7 0.6484375 0.2984375 0.01796875 0.5546875
7 0.0390625 0.2859375 0.0265625 0.571875
8 0.37734375 0.59609375 0.7546875 0.13671875