3 0.76953125 0.56953125 0.18984375 0.2765625
6 0.1234375 0.665625 0.0453125 0.2140625
6 0.296875 0.59765625 0.03984375 0.17421875
6 0.3546875 0.58984375 0.03046875 0.1859375
6 0.5296875 0.5359375 0.02734375 0.09453125
6 0.9296875 0.4515625 0.0359375 0.0625
4 0.93125 0.52109375 0.053125 0.0734375
9 0.04921875 0.75 0.0984375 0.109375
0 0.3234375 0.57890625 0.05078125 0.1296875
0 0.84609375 0.478125 0.07265625 0.13359375
4 0.4 0.615625 0.0328125 0.0703125
6 0.390625 0.5515625 0.04375 0.05625
9 0.19140625 0.66328125 0.08359375 0.0640625
9 0.25859375 0.62578125 0.06171875 0.07578125
8 0.7046875 0.6109375 0.590625 0.18828125
5 0.76171875 0.63125 0.05859375 0.03671875
8 0.5 0.84609375 1 0.3078125