3 0.8421875 0.63515625 0.315625 0.72890625
6 0.26171875 0.4546875 0.0484375 0.2109375
6 0.365625 0.40390625 0.0390625 0.115625
6 0.64609375 0.384375 0.0296875 0.14921875
6 0.40703125 0.3640625 0.0265625 0.05703125
6 0.46015625 0.3546875 0.0265625 0.06328125
6 0.48515625 0.3578125 0.02265625 0.04453125
4 0.40625 0.41015625 0.02265625 0.0390625
4 0.43203125 0.4078125 0.0171875 0.0578125
4 0.4578125 0.40859375 0.02109375 0.05625
4 0.48359375 0.39375 0.01796875 0.0390625
4 0.33046875 0.41328125 0.025 0.0609375
7 0.16796875 0.3578125 0.040625 0.38203125
7 0.6953125 0.2515625 0.03515625 0.30078125
7 0.59453125 0.3125 0.01328125 0.20390625
8 0.496875 0.775 0.83125 0.45
8 0.49765625 0.46875 0.42421875 0.16328125