8 0.42734375 0.8390625 0.1015625 0.321875
8 0.3375 0.89296875 0.075 0.2140625
8 0.2734375 0.9296875 0.0515625 0.140625
8 0.21875 0.959375 0.06015625 0.08046875
9 0.09296875 0.8484375 0.1859375 0.303125
9 0.2421875 0.7421875 0.1109375 0.23359375
9 0.3375 0.66640625 0.06953125 0.24453125
9 0.42734375 0.5984375 0.0234375 0.1578125
9 0.4609375 0.64609375 0.02734375 0.065625
6 0.45546875 0.54140625 0.03984375 0.14453125
6 0.65078125 0.48046875 0.03046875 0.0640625
3 0.69453125 0.49140625 0.04296875 0.065625
3 0.77421875 0.4953125 0.05 0.06953125
7 0.853125 0.4046875 0.0265625 0.2671875
7 0.946875 0.246875 0.0359375 0.49375
7 0.9828125 0.18125 0.034375 0.35546875
8 0.73671875 0.7578125 0.5234375 0.484375