3 0.24921875 0.5328125 0.23671875 0.36640625
3 0.08515625 0.45703125 0.09765625 0.21875
6 0.02578125 0.5359375 0.0515625 0.40859375
7 0.7234375 0.4265625 0.05 0.84921875
7 0.2296875 0.1828125 0.0140625 0.3265625
7 0.1484375 0.27578125 0.01484375 0.08828125
7 0.115625 0.3109375 0.00625 0.0703125
7 0.0828125 0.325 0.00859375 0.075
7 0.028125 0.315625 0.009375 0.08359375
7 0.32265625 0.34375 0.0078125 0.09375
5 0.2625 0.61875 0.07578125 0.0421875
5 0.0609375 0.51796875 0.0484375 0.025
8 0.36796875 0.7796875 0.7359375 0.4375