3 0.8140625 0.5609375 0.22890625 0.3703125
6 0.14921875 0.54453125 0.06796875 0.19453125
6 0.49453125 0.48984375 0.0390625 0.13125
0 0.68671875 0.46953125 0.05 0.1046875
6 0.03203125 0.51796875 0.0328125 0.09609375
6 0.9390625 0.43828125 0.05 0.103125
6 0.9875 0.440625 0.02421875 0.084375
4 0.9359375 0.5203125 0.04375 0.07265625
4 0.984375 0.50625 0.03125 0.0859375
8 0.49765625 0.77109375 0.99375 0.4578125
4 0.0296875 0.5875 0.03359375 0.05390625
8 0.3140625 0.515625 0.18046875 0.053125
5 0.80234375 0.62890625 0.0765625 0.04453125