2 0.1140625 0.5328125 0.228125 0.934375
3 0.3734375 0.640625 0.2671875 0.2984375
3 0.7546875 0.53515625 0.0515625 0.0765625
10 0.51640625 0.5265625 0.1453125 0.2078125
0 0.596875 0.54296875 0.02578125 0.09140625
4 0.66015625 0.5546875 0.01015625 0.04296875
4 0.71171875 0.56484375 0.0109375 0.0421875
6 0.6609375 0.521875 0.0125 0.0296875
6 0.709375 0.5125 0.01640625 0.03828125
8 0.61640625 0.89453125 0.7671875 0.20859375
7 0.8921875 0.30625 0.046875 0.48984375
7 0.79296875 0.41171875 0.01171875 0.159375
7 0.7671875 0.43359375 0.00625 0.07734375
8 0.703125 0.6703125 0.59375 0.24140625