3 0.52109375 0.60390625 0.09921875 0.178125
10 0.81953125 0.70390625 0.3609375 0.553125
6 0.11171875 0.5921875 0.03125 0.22265625
6 0.265625 0.57109375 0.02890625 0.1328125
8 0.38984375 0.81015625 0.7796875 0.3796875
8 0.37578125 0.6 0.19453125 0.0390625
7 0.79765625 0.2234375 0.03828125 0.4453125
7 0.9203125 0.2359375 0.0265625 0.471875
7 0.590625 0.3890625 0.01640625 0.42890625
6 0.34375 0.55078125 0.02109375 0.09296875
5 0.51953125 0.64453125 0.04375 0.025
5 0.9640625 0.878125 0.07109375 0.0609375