0 0.39140625 0.54140625 0.153125 0.28046875
6 0.55234375 0.5171875 0.06171875 0.17578125
6 0.1171875 0.46015625 0.03828125 0.184375
6 0.4828125 0.4765625 0.0234375 0.06640625
9 0.04453125 0.590625 0.08671875 0.15625
9 0.29375 0.5234375 0.04765625 0.10234375
3 0.65078125 0.534375 0.09765625 0.16875
3 0.58671875 0.48359375 0.03671875 0.0875
4 0.54296875 0.66875 0.05078125 0.1640625
4 0.4828125 0.53046875 0.025 0.06015625
8 0.38046875 0.871875 0.7609375 0.246875
7 0.6703125 0.3640625 0.00859375 0.18203125
7 0.6140625 0.4046875 0.00625 0.1421875
7 0.58828125 0.39921875 0.00703125 0.1078125
7 0.571875 0.39921875 0.0078125 0.065625
7 0.54765625 0.39765625 0.00703125 0.03828125
7 0.525 0.421875 0.00703125 0.0625
5 0.5421875 0.646875 0.03359375 0.0296875
5 0.64921875 0.5671875 0.03984375 0.01875
9 0.19609375 0.54921875 0.215625 0.08984375
8 0.35390625 0.67109375 0.703125 0.16953125