3 0.11640625 0.7640625 0.2328125 0.34765625
6 0.15703125 0.56640625 0.0515625 0.17734375
2 0.50078125 0.52578125 0.2828125 0.32421875
3 0.78046875 0.5015625 0.04921875 0.0765625
8 0.50078125 0.84453125 0.9984375 0.31015625
10 0.65625 0.4984375 0.0453125 0.1125
7 0.8390625 0.34921875 0.0234375 0.29375
7 0.7984375 0.40078125 0.01484375 0.13046875
7 0.7828125 0.42421875 0.00703125 0.06953125
0 0.73125 0.50078125 0.01875 0.0421875
9 0.321875 0.66171875 0.08046875 0.0640625
8 0.68203125 0.61015625 0.6359375 0.1671875