6 0.2546875 0.6640625 0.0796875 0.2484375
6 0.36171875 0.75078125 0.11953125 0.43046875
6 0.46640625 0.70546875 0.1515625 0.3171875
6 0.325 0.59140625 0.03984375 0.11640625
6 0.4859375 0.5765625 0.02890625 0.04609375
8 0.084375 0.89140625 0.16796875 0.2171875
8 0.709375 0.7953125 0.5765625 0.409375
8 0.7890625 0.60546875 0.06015625 0.0765625
9 0.07890625 0.73671875 0.1546875 0.084375
9 0.18203125 0.696875 0.0515625 0.0640625
9 0.53984375 0.59453125 0.06875 0.05
8 0.6515625 0.61171875 0.04765625 0.0609375
0 0.59921875 0.5734375 0.0546875 0.10859375
3 0.71640625 0.5828125 0.0828125 0.11875
3 0.646875 0.55625 0.04609375 0.04609375
7 0.83046875 0.35 0.01953125 0.45390625