3 0.07578125 0.71328125 0.1515625 0.2640625
3 0.30703125 0.61484375 0.20703125 0.2015625
4 0.42109375 0.6625 0.034375 0.10703125
6 0.42890625 0.5703125 0.03125 0.08828125
4 0.51328125 0.815625 0.09375 0.2453125
6 0.52109375 0.59453125 0.08359375 0.22109375
6 0.77265625 0.52578125 0.02421875 0.078125
4 0.77734375 0.6046875 0.0359375 0.0640625
10 0.590625 0.54453125 0.06015625 0.14375
2 0.68203125 0.5125 0.05 0.084375
2 0.63515625 0.515625 0.03515625 0.1234375
3 0.75 0.528125 0.0359375 0.0546875
8 0.5 0.8265625 1 0.34609375
9 0.17734375 0.6859375 0.0515625 0.0703125
7 0.84140625 0.34453125 0.0265625 0.41015625
7 0.7875 0.43828125 0.01484375 0.17734375
3 0.74296875 0.528125 0.0296875 0.06875
5 0.2359375 0.621875 0.03984375 0.025
5 0.4921875 0.78125 0.0390625 0.04296875
8 0.66796875 0.61328125 0.4359375 0.08671875