3 0.2578125 0.61875 0.1328125 0.190625
3 0.4109375 0.70546875 0.19609375 0.321875
3 0.5484375 0.571875 0.04765625 0.1375
3 0.653125 0.58515625 0.15390625 0.15078125
3 0.7890625 0.7734375 0.421875 0.453125
8 0.3421875 0.890625 0.68359375 0.21875
9 0.06328125 0.70234375 0.1234375 0.15390625
8 0.35078125 0.71328125 0.45390625 0.13671875
9 0.159375 0.62265625 0.040625 0.09921875
9 0.09609375 0.603125 0.0484375 0.03828125
7 0.60546875 0.44921875 0.0078125 0.1203125
8 0.86484375 0.35546875 0.0125 0.203125