8 0.70078125 0.5828125 0.4640625 0.09921875
3 0.7671875 0.5015625 0.05390625 0.07890625
3 0.68203125 0.5 0.04921875 0.0609375
6 0.6390625 0.4921875 0.02578125 0.04296875
6 0.4109375 0.5546875 0.03984375 0.18125
7 0.8421875 0.38359375 0.0234375 0.22421875
7 0.96015625 0.2515625 0.03203125 0.49140625
9 0.33515625 0.65859375 0.134375 0.13984375
9 0.07421875 0.85703125 0.1359375 0.2171875
9 0.1984375 0.78671875 0.11875 0.18359375
8 0.57109375 0.9421875 0.85703125 0.115625
8 0.63125 0.81171875 0.7375 0.1578125
8 0.70234375 0.68515625 0.5953125 0.103125