3 0.7296875 0.58515625 0.109375 0.1875
0 0.621875 0.55703125 0.0484375 0.0890625
8 0.5 0.84765625 1 0.30390625
8 0.66328125 0.63828125 0.575 0.10390625
6 0.03671875 0.67578125 0.07265625 0.3140625
6 0.471875 0.5625 0.0328125 0.0828125
1 0.471875 0.63984375 0.03203125 0.07421875
6 0.51796875 0.578125 0.01796875 0.10390625
6 0.54765625 0.56171875 0.02421875 0.08125
7 0.92578125 0.30234375 0.0421875 0.6046875
6 0.20859375 0.65859375 0.1265625 0.3015625
4 0.1921875 0.8984375 0.225 0.203125
8 0.04140625 0.91953125 0.07421875 0.1609375
3 0.83046875 0.53125 0.06171875 0.07265625
0 0.41640625 0.596875 0.05625 0.16171875